1
texture.tex
23 28
269
22 22 1 1 0 0 0
1195 40 6 20 0 2 0
999 50 9 9 0 2 0
434 45 14 18 0 3 0
647 21 12 23 0 1 0
46 20 21 19 0 3 0
349 0 17 20 0 2 0
1203 47 5 9 0 2 0
1105 39 8 22 0 2 0
1176 0 7 22 1 2 0
1009 52 12 11 0 2 0
296 48 16 15 0 6 0
1232 16 6 8 1 16 0
622 57 9 5 0 11 0
978 57 6 6 0 16 0
987 0 11 20 1 2 0
741 20 14 19 0 3 0
1166 42 8 18 1 3 0
927 38 13 18 0 3 0
867 39 13 19 0 3 0
383 45 15 18 0 3 0
882 0 13 19 0 3 0
721 30 14 19 0 3 0
910 32 13 18 0 3 0
706 20 14 19 0 3 0
896 20 13 19 1 3 0
1232 0 6 15 0 7 0
1157 46 6 17 1 7 0
954 48 14 15 0 6 0
910 51 16 9 0 9 0
1009 36 14 15 0 6 0
987 21 11 20 0 2 0
69 43 19 20 0 4 0
260 44 17 19 0 2 0
813 0 13 20 0 2 0
497 21 15 20 0 2 0
399 40 16 20 0 2 0
941 0 12 19 0 2 0
941 40 12 19 0 2 0
399 19 16 20 0 2 0
543 20 15 19 0 2 0
1221 44 5 19 0 2 0
1024 20 10 20 0 2 0
741 0 14 19 0 2 0
854 43 12 19 0 2 0
186 40 19 19 0 2 0
579 20 15 19 0 2 0
241 21 18 20 0 2 0
896 0 13 19 0 2 0
91 0 18 22 0 2 0
676 44 13 19 0 2 0
785 21 13 20 0 2 0
579 40 15 19 0 2 0
449 42 15 20 0 2 0
349 44 16 19 0 2 0
46 0 22 19 0 2 0
559 16 15 19 0 2 0
579 0 15 19 0 2 0
559 36 15 19 0 2 0
1157 0 8 22 0 2 0
970 36 11 20 0 2 0
1157 23 8 22 0 2 0
1036 39 14 14 1 3 0
690 59 14 4 1 20 0
970 57 7 6 0 2 0
1080 48 13 15 0 7 0
513 0 14 21 0 1 0
1144 0 12 15 0 7 0
434 23 14 21 0 1 0
1009 0 14 15 0 7 0
970 15 11 20 0 1 0
741 40 14 19 0 7 0
827 0 13 20 0 1 0
1221 24 5 19 1 2 0
999 25 9 24 0 2 0
827 42 13 20 0 1 0
626 15 5 20 0 1 0
611 0 20 14 0 7 0
1130 45 13 14 0 7 0
954 0 15 15 0 7 0
513 44 14 19 0 7 0
690 19 14 19 0 7 0
1184 47 9 14 0 7 0
1184 16 10 15 1 7 0
1105 20 10 18 0 4 0
1066 32 13 15 0 7 0
1051 30 14 14 0 7 0
721 0 19 14 1 7 0
1051 0 14 14 0 7 0
647 0 14 20 0 7 0
1116 0 13 14 0 7 0
1024 41 9 22 0 2 0
1176 23 5 26 0 1 0
1036 16 9 22 0 2 0
559 56 15 6 0 10 0
1209 24 6 19 0 7 0
854 22 12 20 0 2 0
927 0 13 18 0 3 0
1051 15 14 14 0 5 0
647 45 14 18 1 3 0
1203 0 5 24 0 2 0
662 0 13 21 0 2 0
611 57 10 6 0 2 0
399 0 18 18 0 3 0
1221 0 10 11 0 4 0
314 51 12 12 0 8 0
721 50 16 10 0 9 0
1209 0 11 11 1 2 0
867 59 9 4 0 3 0
1036 54 10 9 0 2 0
91 46 16 16 0 5 0
1221 12 10 11 0 0 0
1209 44 10 11 0 0 0
927 57 7 6 1 2 0
528 44 14 19 0 7 0
676 22 13 21 0 2 0
1209 56 6 6 0 11 0
1239 0 7 8 0 18 0
1176 50 7 11 0 0 0
1209 12 11 11 0 4 0
206 51 12 12 0 8 0
186 20 19 19 0 3 0
148 40 20 19 0 3 0
148 0 20 19 0 3 0
1024 0 11 19 0 7 0
241 42 17 21 0 0 0
260 0 17 21 0 0 0
278 0 17 21 0 0 0
260 22 17 21 0 0 0
278 22 17 21 0 0 0
296 0 17 21 0 0 0
69 0 21 19 0 2 0
206 0 15 24 0 2 0
841 22 12 21 0 0 0
841 0 12 21 0 0 0
854 0 12 21 0 0 0
0 0 23 21 0 0 0
1203 25 5 21 0 0 0
1166 20 8 21 0 0 0
1094 40 9 21 0 0 0
987 42 10 21 0 0 0
241 0 18 20 0 2 0
418 22 15 21 0 0 0
110 0 18 22 0 0 0
69 20 18 22 0 0 0
110 23 18 22 0 0 0
91 23 18 22 0 0 0
129 0 18 22 0 0 0
954 16 15 15 1 6 0
222 42 18 20 0 2 0
349 21 15 22 0 0 0
367 0 15 22 0 0 0
367 23 15 22 0 0 0
383 0 15 22 0 0 0
418 0 15 21 0 0 0
896 40 13 19 0 2 0
528 0 14 21 0 1 0
756 20 13 20 0 2 0
813 21 13 20 0 2 0
771 0 13 20 0 2 0
813 42 13 20 0 2 0
756 41 13 20 0 2 0
662 22 13 21 0 1 0
24 46 20 15 0 7 0
941 20 12 19 0 7 0
595 20 14 20 0 2 0
611 36 14 20 0 2 0
632 42 14 20 0 2 0
632 0 14 20 0 2 0
1195 0 7 19 1 2 0
1195 20 7 19 0 2 0
1166 0 9 19 0 2 0
1094 20 10 19 0 2 0
513 22 14 21 0 1 0
867 19 13 19 0 2 0
481 0 15 20 0 2 0
465 42 15 20 0 2 0
481 21 15 20 0 2 0
449 21 15 20 0 2 0
465 0 15 20 0 2 0
169 49 16 14 0 7 0
367 46 15 16 0 6 0
799 21 13 20 0 2 0
799 42 13 20 0 2 0
785 0 13 20 0 2 0
827 21 13 20 0 2 0
296 22 14 25 0 2 0
314 26 14 24 0 2 0
206 25 14 25 0 2 0
278 44 17 19 0 2 0
799 0 13 20 0 2 0
785 42 13 20 0 2 0
1009 16 11 19 0 2 0
129 23 17 23 0 2 0
841 44 12 19 0 2 0
46 40 21 19 0 2 0
771 21 13 20 0 2 0
595 0 15 19 0 2 0
383 23 15 21 0 0 0
706 0 14 19 0 2 0
481 42 15 20 0 2 0
186 0 19 19 0 2 0
543 0 15 19 0 2 0
222 0 18 20 0 2 0
690 39 14 19 0 2 0
882 20 13 19 0 2 0
497 0 15 20 0 2 0
418 44 15 19 0 2 0
465 21 15 20 0 2 0
222 21 18 20 0 2 0
543 40 15 19 0 2 0
169 0 16 23 0 2 0
595 41 14 20 0 2 0
148 20 20 19 0 2 0
0 22 21 23 0 2 0
329 40 17 20 0 2 0
329 19 17 20 0 2 0
771 42 13 20 0 2 0
497 42 15 20 0 2 0
24 0 21 20 0 2 0
706 40 14 19 0 2 0
1066 48 13 15 0 7 0
676 0 13 21 1 1 0
1066 16 13 15 0 7 0
1184 32 10 14 0 7 0
690 0 15 18 0 7 0
1036 0 14 15 0 7 0
721 15 19 14 0 7 0
1144 48 12 15 0 7 0
1130 30 13 14 0 7 0
662 44 13 19 0 2 0
1130 15 13 14 0 7 0
1080 16 13 15 0 7 0
970 0 16 14 0 7 0
1116 45 13 14 0 7 0
954 32 15 15 0 7 0
1116 30 13 14 0 7 0
756 0 14 19 0 7 0
1144 32 12 15 0 7 0
1116 15 13 14 0 7 0
611 15 14 20 0 7 0
24 21 17 24 0 2 0
1051 45 14 14 0 7 0
867 0 14 18 0 7 0
1144 16 12 15 0 7 0
129 47 18 14 0 7 0
329 0 19 18 0 7 0
910 16 16 15 0 7 0
910 0 16 15 0 7 0
1066 0 13 15 0 7 0
1080 32 13 15 0 7 0
110 46 17 15 0 7 0
1130 0 13 14 0 7 0
434 0 14 22 0 0 0
632 21 14 20 0 2 0
169 24 15 24 0 1 0
1094 0 10 19 0 2 0
1080 0 13 15 0 7 0
1184 0 10 15 1 7 0
626 36 5 19 1 2 0
1105 0 10 19 0 2 0
999 0 9 24 0 2 0
0 46 21 15 0 7 0
559 0 19 15 0 7 0
449 0 15 20 0 1 0
882 40 13 19 0 2 0
528 22 14 21 0 0 0
314 0 14 25 0 2 0
927 19 13 18 0 7 0
