1
texture.tex
23 28
269
22 22 1 1 0 0 0 
428 16 6 20 0 2 0 
923 55 9 9 0 2 0 
347 46 14 18 0 3 0 
638 0 12 23 0 1 0 
46 20 21 19 0 3 0 
260 44 17 20 0 2 0 
873 55 5 9 0 2 0 
1120 40 8 22 0 2 0 
1181 42 7 22 1 2 0 
985 51 12 11 0 2 0 
169 49 16 15 0 6 0 
752 56 6 8 1 16 0 
413 59 9 5 0 11 0 
625 57 6 6 0 16 0 
985 30 11 20 1 2 0 
679 0 14 19 0 3 0 
1172 46 8 18 1 3 0 
909 20 13 18 0 3 0 
847 38 13 19 0 3 0 
91 46 15 18 0 3 0 
862 15 13 19 0 3 0 
679 20 14 19 0 3 0 
909 39 13 18 0 3 0 
679 40 14 19 0 3 0 
862 35 13 19 1 3 0 
1228 18 6 15 0 7 0 
1228 0 6 17 1 7 0 
969 48 14 15 0 6 0 
724 55 16 9 0 9 0 
1035 0 14 15 0 6 0 
1002 0 11 20 0 2 0 
69 43 19 20 0 4 0 
329 44 17 19 0 2 0 
651 44 13 20 0 2 0 
397 44 15 20 0 2 0 
379 20 16 20 0 2 0 
834 43 12 19 0 2 0 
939 32 12 19 0 2 0 
379 41 16 20 0 2 0 
363 45 15 19 0 2 0 
632 36 5 19 0 2 0 
1024 22 10 20 0 2 0 
694 0 14 19 0 2 0 
956 0 12 19 0 2 0 
186 0 19 19 0 2 0 
549 0 15 19 0 2 0 
222 0 18 20 0 2 0 
881 0 13 19 0 2 0 
69 20 18 22 0 2 0 
881 20 13 19 0 2 0 
665 44 13 20 0 2 0 
549 20 15 19 0 2 0 
435 0 15 20 0 2 0 
413 39 16 19 0 2 0 
46 0 22 19 0 2 0 
549 40 15 19 0 2 0 
565 0 15 19 0 2 0 
565 20 15 19 0 2 0 
1172 0 8 22 0 2 0 
1002 21 11 20 0 2 0 
1172 23 8 22 0 2 0 
1062 39 14 14 1 3 0 
46 60 14 4 1 20 0 
608 58 7 6 0 2 0 
1092 0 13 15 0 7 0 
504 0 14 21 0 1 0 
1159 0 12 15 0 7 0 
504 22 14 21 0 1 0 
1035 16 14 15 0 7 0 
1002 42 11 20 0 1 0 
694 20 14 19 0 7 0 
744 35 13 20 0 1 0 
758 35 5 19 1 2 0 
1014 0 9 24 0 2 0 
764 0 13 20 0 1 0 
632 15 5 20 0 1 0 
617 0 20 14 0 7 0 
1131 0 13 14 0 7 0 
969 0 15 15 0 7 0 
694 40 14 19 0 7 0 
709 0 14 19 0 7 0 
1014 50 9 14 0 7 0 
1191 0 10 15 1 7 0 
638 46 10 18 0 4 0 
1092 16 13 15 0 7 0 
1077 0 14 14 0 7 0 
724 0 19 14 1 7 0 
1077 15 14 14 0 7 0 
504 44 14 20 0 7 0 
1131 15 13 14 0 7 0 
1050 20 9 22 0 2 0 
1202 0 5 26 0 1 0 
1062 16 9 22 0 2 0 
451 58 15 6 0 10 0 
1208 40 6 19 0 7 0 
834 22 12 20 0 2 0 
923 17 13 18 0 3 0 
1077 30 14 14 0 5 0 
847 0 14 18 1 3 0 
1202 27 5 24 0 2 0 
651 0 13 21 0 2 0 
597 58 10 6 0 2 0 
24 46 18 18 0 3 0 
1191 47 10 11 0 4 0 
206 51 12 12 0 8 0 
939 52 16 10 0 9 0 
1035 52 11 11 1 2 0 
148 60 9 4 0 3 0 
862 55 10 9 0 2 0 
129 47 16 16 0 5 0 
1216 12 10 11 0 0 0 
1216 24 10 11 0 0 0 
617 57 7 6 1 2 0 
709 20 14 19 0 7 0 
651 22 13 21 0 2 0 
847 58 6 6 0 11 0 
744 56 7 8 0 18 0 
1235 0 7 11 0 0 0 
1216 0 11 11 0 4 0 
314 51 12 12 0 8 0 
186 20 19 19 0 3 0 
148 0 20 19 0 3 0 
148 20 20 19 0 3 0 
1035 32 11 19 0 7 0 
241 42 17 21 0 0 0 
260 0 17 21 0 0 0 
260 22 17 21 0 0 0 
278 0 17 21 0 0 0 
278 22 17 21 0 0 0 
296 0 17 21 0 0 0 
46 40 21 19 0 2 0 
169 24 15 24 0 2 0 
638 24 12 21 0 0 0 
820 42 12 21 0 0 0 
834 0 12 21 0 0 0 
0 0 23 21 0 0 0 
1216 36 5 21 0 0 0 
1181 20 8 21 0 0 0 
1024 43 9 21 0 0 0 
1024 0 10 21 0 0 0 
222 21 18 20 0 2 0 
363 23 15 21 0 0 0 
91 0 18 22 0 0 0 
91 23 18 22 0 0 0 
110 0 18 22 0 0 0 
110 23 18 22 0 0 0 
129 0 18 22 0 0 0 
969 16 15 15 1 6 0 
222 42 18 20 0 2 0 
329 21 15 22 0 0 0 
347 0 15 22 0 0 0 
347 23 15 22 0 0 0 
363 0 15 22 0 0 0 
397 0 15 21 0 0 0 
881 40 13 19 0 2 0 
519 0 14 21 0 1 0 
764 21 13 20 0 2 0 
764 42 13 20 0 2 0 
778 0 13 20 0 2 0 
778 21 13 20 0 2 0 
778 42 13 20 0 2 0 
665 0 13 21 0 1 0 
451 0 20 15 0 7 0 
956 20 12 19 0 7 0 
519 44 14 20 0 2 0 
534 22 14 20 0 2 0 
534 43 14 20 0 2 0 
597 16 14 20 0 2 0 
1208 0 7 19 1 2 0 
1208 20 7 19 0 2 0 
1181 0 9 19 0 2 0 
1050 43 10 19 0 2 0 
519 22 14 21 0 1 0 
895 0 13 19 0 2 0 
435 21 15 20 0 2 0 
435 42 15 20 0 2 0 
451 16 15 20 0 2 0 
451 37 15 20 0 2 0 
472 0 15 20 0 2 0 
985 0 16 14 0 7 0 
923 0 15 16 0 6 0 
792 0 13 20 0 2 0 
792 21 13 20 0 2 0 
792 42 13 20 0 2 0 
806 0 13 20 0 2 0 
206 25 14 25 0 2 0 
314 26 14 24 0 2 0 
296 22 14 25 0 2 0 
379 0 17 19 0 2 0 
806 21 13 20 0 2 0 
806 42 13 20 0 2 0 
1050 0 11 19 0 2 0 
129 23 17 23 0 2 0 
956 40 12 19 0 2 0 
69 0 21 19 0 2 0 
820 0 13 20 0 2 0 
565 40 15 19 0 2 0 
397 22 15 21 0 0 0 
709 40 14 19 0 2 0 
472 21 15 20 0 2 0 
186 40 19 19 0 2 0 
581 0 15 19 0 2 0 
241 0 18 20 0 2 0 
724 15 14 19 0 2 0 
895 20 13 19 0 2 0 
472 42 15 20 0 2 0 
581 20 15 19 0 2 0 
488 0 15 20 0 2 0 
241 21 18 20 0 2 0 
581 40 15 19 0 2 0 
169 0 16 23 0 2 0 
597 37 14 20 0 2 0 
148 40 20 19 0 2 0 
0 22 21 23 0 2 0 
278 44 17 20 0 2 0 
329 0 17 20 0 2 0 
820 21 13 20 0 2 0 
488 21 15 20 0 2 0 
24 0 21 20 0 2 0 
724 35 14 19 0 2 0 
1092 32 13 15 0 7 0 
665 22 13 21 1 1 0 
1092 48 13 15 0 7 0 
1191 32 10 14 0 7 0 
110 46 15 18 0 7 0 
1062 0 14 15 0 7 0 
744 0 19 14 0 7 0 
1159 16 12 15 0 7 0 
1131 30 13 14 0 7 0 
895 40 13 19 0 2 0 
1131 45 13 14 0 7 0 
1106 0 13 15 0 7 0 
985 15 16 14 0 7 0 
1145 0 13 14 0 7 0 
969 32 15 15 0 7 0 
1145 15 13 14 0 7 0 
744 15 14 19 0 7 0 
1159 32 12 15 0 7 0 
1145 30 13 14 0 7 0 
617 15 14 20 0 7 0 
24 21 17 24 0 2 0 
1077 45 14 14 0 7 0 
847 19 14 18 0 7 0 
1159 48 12 15 0 7 0 
862 0 18 14 0 7 0 
0 46 19 18 0 7 0 
939 0 16 15 0 7 0 
939 16 16 15 0 7 0 
1106 16 13 15 0 7 0 
1106 32 13 15 0 7 0 
296 48 17 15 0 7 0 
1145 45 13 14 0 7 0 
413 16 14 22 0 0 0 
617 36 14 20 0 2 0 
206 0 15 24 0 1 0 
1120 0 10 19 0 2 0 
1106 48 13 15 0 7 0 
1191 16 10 15 1 7 0 
1222 36 5 19 1 2 0 
1120 20 10 19 0 2 0 
1014 25 9 24 0 2 0 
413 0 21 15 0 7 0 
597 0 19 15 0 7 0 
488 42 15 20 0 1 0 
909 0 13 19 0 2 0 
534 0 14 21 0 0 0 
314 0 14 25 0 2 0 
923 36 13 18 0 7 0 
