1
texture.tex
16 23
269
74 30 1 1 0 0 0
1002 14 5 10 3 6 0
106 27 7 5 3 6 0
186 15 9 12 3 5 0
106 13 9 13 3 5 0
316 0 10 10 3 6 0
84 0 10 12 3 5 0
306 27 5 5 3 6 0
764 12 6 14 3 5 0
773 0 6 14 3 5 0
1088 0 6 7 4 5 0
359 24 9 8 3 7 0
272 26 4 6 4 12 0
117 28 7 4 3 10 0
147 28 5 4 3 12 0
894 0 6 11 3 6 0
656 0 8 11 4 6 0
835 0 7 11 3 5 0
338 22 9 10 3 6 0
349 0 9 11 3 6 0
586 0 9 10 3 6 0
656 12 8 11 4 6 0
349 12 9 11 3 6 0
800 20 8 10 4 6 0
665 0 8 11 4 6 0
359 0 9 11 3 6 0
1095 11 5 8 3 8 0
1095 0 4 10 4 8 0
369 24 9 8 3 7 0
84 26 9 6 3 8 0
379 24 9 8 3 7 0
359 12 9 11 3 5 0
586 11 9 10 3 6 0
316 11 10 10 3 6 0
586 22 9 10 3 6 0
195 12 9 12 3 5 0
596 0 9 10 3 6 0
596 11 9 10 3 6 0
596 22 9 10 3 6 0
206 0 9 12 3 5 0
810 0 8 10 3 6 0
877 20 7 10 3 6 0
665 12 8 11 4 6 0
606 0 9 10 3 6 0
606 11 9 10 3 6 0
606 22 9 10 3 6 0
616 0 9 10 3 6 0
206 13 9 12 3 5 0
616 11 9 10 3 6 0
216 0 9 12 3 5 0
616 22 9 10 3 6 0
507 0 8 12 4 5 0
626 0 9 10 3 6 0
674 0 8 11 3 6 0
316 22 10 10 3 6 0
327 0 10 10 3 6 0
626 11 9 10 4 6 0
327 11 10 10 3 6 0
810 11 8 10 4 6 0
828 0 6 13 3 6 0
894 12 6 11 3 6 0
828 14 6 13 3 6 0
195 25 7 7 4 6 0
22 28 10 4 3 14 0
764 27 5 5 4 5 0
851 12 8 9 4 8 0
369 0 9 11 3 6 0
780 0 9 9 3 8 0
369 12 9 11 3 6 0
780 10 9 9 3 8 0
835 12 7 11 4 5 0
379 0 9 11 3 8 0
810 22 8 10 3 6 0
886 0 7 10 3 6 0
570 0 7 13 3 6 0
626 22 9 10 3 6 0
910 0 6 10 3 6 0
389 24 9 8 3 8 0
665 24 8 8 3 8 0
851 22 8 9 4 8 0
379 12 9 11 3 8 0
389 0 9 11 3 8 0
674 24 8 8 4 8 0
780 20 9 9 3 8 0
674 12 8 11 3 6 0
859 0 8 9 4 8 0
407 24 9 8 3 8 0
349 24 10 8 3 8 0
417 24 9 8 3 8 0
389 12 9 11 3 8 0
683 24 8 8 4 8 0
399 0 7 14 3 5 0
996 12 4 13 4 6 0
399 15 7 14 3 5 0
33 28 9 4 3 9 0
924 0 5 11 3 8 0
117 0 9 13 3 6 0
216 13 9 12 3 5 0
427 24 9 8 3 7 0
327 22 10 10 3 6 0
1002 0 4 13 4 6 0
44 0 9 14 3 5 0
127 28 7 4 3 6 0
84 13 10 12 3 5 0
1037 0 7 7 3 5 0
692 24 8 8 3 8 0
95 26 9 6 3 8 0
95 0 10 12 3 5 0
137 28 7 4 3 6 0
206 26 7 6 3 6 0
636 0 9 10 3 6 0
1037 8 7 7 3 5 0
1088 8 6 7 4 5 0
930 27 5 5 3 5 0
683 0 8 11 4 8 0
117 14 9 13 3 6 0
157 28 5 4 3 9 0
1100 27 5 5 4 14 0
1002 25 5 7 3 5 0
1088 16 6 7 4 5 0
701 24 8 8 3 8 0
226 0 9 12 3 5 0
226 13 9 12 3 5 0
236 0 9 12 4 5 0
407 0 9 11 3 8 0
11 15 10 13 3 3 0
22 0 10 13 3 3 0
22 14 10 13 3 3 0
95 13 10 12 3 4 0
106 0 10 12 3 4 0
33 0 10 13 3 3 0
636 11 9 10 4 6 0
44 15 9 14 3 5 0
127 0 9 13 3 3 0
127 14 9 13 3 3 0
137 0 9 13 3 3 0
236 13 9 12 3 4 0
570 14 7 13 3 3 0
578 0 7 13 3 3 0
578 14 7 13 3 3 0
773 15 7 12 3 4 0
338 0 10 10 3 6 0
246 0 9 12 3 4 0
54 0 9 14 3 3 0
54 15 9 14 3 3 0
64 0 9 14 3 3 0
137 14 9 13 3 4 0
147 0 9 13 3 4 0
710 24 8 8 4 7 0
246 13 9 12 3 5 0
167 14 8 14 3 3 0
177 0 8 14 3 3 0
177 15 8 14 3 3 0
306 13 8 13 3 4 0
33 14 10 13 3 3 0
636 22 9 10 3 6 0
256 0 9 12 3 5 0
507 13 8 12 4 5 0
516 0 8 12 4 5 0
516 13 8 12 4 5 0
683 12 8 11 4 6 0
692 0 8 11 4 6 0
525 0 8 12 4 5 0
790 0 9 9 4 8 0
407 12 9 11 3 8 0
256 13 9 12 3 5 0
266 0 9 12 3 5 0
266 13 9 12 3 5 0
417 0 9 11 3 6 0
843 0 7 11 3 5 0
843 12 7 11 3 5 0
851 0 7 11 3 5 0
886 11 7 10 3 6 0
692 12 8 11 4 6 0
819 0 8 10 3 6 0
525 13 8 12 4 5 0
534 0 8 12 4 5 0
534 13 8 12 4 5 0
701 0 8 11 4 6 0
701 12 8 11 4 6 0
790 10 9 9 3 7 0
819 11 8 10 4 7 0
543 0 8 12 4 5 0
543 13 8 12 4 5 0
552 0 8 12 4 5 0
710 0 8 11 4 6 0
64 15 9 14 3 5 0
147 14 9 13 3 6 0
157 0 9 13 3 6 0
417 12 9 11 4 6 0
710 12 8 11 3 6 0
719 0 8 11 3 6 0
719 12 8 11 3 6 0
0 0 10 14 3 6 0
728 0 8 11 3 6 0
427 0 9 11 4 6 0
276 0 9 12 3 6 0
427 12 9 11 3 6 0
157 14 9 13 3 4 0
437 0 9 11 3 6 0
276 13 9 12 3 6 0
437 12 9 11 3 6 0
447 0 9 11 3 6 0
286 0 9 12 3 6 0
447 12 9 11 3 6 0
457 0 9 11 3 6 0
286 13 9 12 3 6 0
457 12 9 11 3 6 0
296 0 9 12 4 6 0
467 0 9 11 3 6 0
467 12 9 11 3 6 0
74 0 9 14 3 6 0
477 0 9 11 3 6 0
477 12 9 11 3 6 0
0 15 10 14 3 6 0
487 0 9 11 4 6 0
487 12 9 11 3 6 0
497 0 9 11 3 6 0
552 13 8 12 3 6 0
296 13 9 12 3 6 0
728 12 8 11 4 6 0
790 20 9 9 3 9 0
306 0 9 12 3 6 0
719 24 8 8 3 9 0
728 24 8 8 3 9 0
646 0 9 10 4 9 0
859 10 8 9 4 9 0
437 24 9 8 4 9 0
859 20 8 9 3 9 0
737 24 8 8 3 9 0
737 0 8 11 3 6 0
746 24 8 8 3 9 0
800 0 9 9 3 9 0
447 24 9 8 3 9 0
755 24 8 8 3 9 0
868 0 8 9 4 9 0
835 24 8 8 3 9 0
737 12 8 11 3 9 0
868 10 8 9 3 9 0
457 24 9 8 3 9 0
195 0 10 11 3 9 0
74 15 9 14 3 6 0
467 24 9 8 3 9 0
646 11 9 10 3 9 0
843 24 8 8 3 9 0
477 24 9 8 3 9 0
338 11 10 10 3 9 0
487 24 9 8 3 9 0
497 24 9 8 3 9 0
901 0 8 8 3 9 0
868 20 8 9 3 9 0
800 10 9 9 3 9 0
901 9 8 8 4 9 0
561 0 8 12 4 6 0
561 13 8 12 4 6 0
167 0 9 13 3 6 0
746 0 8 11 3 6 0
877 0 8 9 3 9 0
877 10 8 9 3 9 0
746 12 8 11 3 6 0
755 0 8 11 3 6 0
186 0 8 14 3 6 0
646 22 10 9 3 9 0
656 24 9 8 3 9 0
497 12 9 11 3 6 0
755 12 8 11 3 6 0
764 0 8 11 3 6 0
11 0 10 14 3 6 0
819 22 8 10 3 9 0
