1
texture.tex
17 23
269
76 30 1 1 0 0 0
205 12 1 8 5 8 0
167 29 3 3 4 8 0
924 24 6 8 4 8 0
1007 0 5 10 4 7 0
894 24 7 8 4 8 0
917 22 7 8 4 8 0
43 28 1 3 4 8 0
1275 18 3 10 4 8 0
1280 0 3 10 5 8 0
186 28 5 4 4 8 0
1106 27 5 5 5 9 0
135 28 2 3 4 14 0
64 30 3 1 5 12 0
10 30 1 2 5 14 0
1255 24 4 8 4 8 0
1095 20 5 8 5 8 0
1100 0 5 8 4 8 0
1100 9 5 8 4 8 0
1100 18 5 8 4 8 0
938 24 6 8 5 8 0
1259 24 4 8 5 8 0
1106 0 5 8 4 8 0
1106 9 5 8 4 8 0
1106 18 5 8 5 8 0
1112 0 5 8 4 8 0
94 26 1 6 5 10 0
956 21 2 7 4 10 0
302 26 4 5 4 9 0
11 29 5 3 5 10 0
312 27 4 5 5 9 0
1265 0 4 8 4 8 0
901 18 7 9 4 8 0
1112 9 5 8 5 8 0
1112 18 5 8 4 8 0
1118 0 5 8 5 8 0
1118 9 5 8 4 8 0
1118 18 5 8 4 8 0
1124 0 5 8 4 8 0
1124 9 5 8 5 8 0
1124 18 5 8 4 8 0
1324 20 3 8 5 8 0
1265 9 4 8 5 8 0
944 24 6 8 4 8 0
1130 0 5 8 4 8 0
1130 9 5 8 4 8 0
1130 18 5 8 4 8 0
1136 0 5 8 5 8 0
1136 9 5 8 4 8 0
1007 11 5 10 5 8 0
958 24 6 8 4 8 0
1136 18 5 8 4 8 0
930 0 7 8 4 8 0
1142 0 5 8 4 8 0
1142 9 5 8 5 8 0
1142 18 5 8 5 8 0
1148 0 5 8 5 8 0
1148 9 5 8 5 8 0
1148 18 5 8 4 8 0
771 12 2 10 4 8 0
1265 18 4 8 4 8 0
956 9 2 10 5 8 0
570 28 5 4 5 7 0
44 30 7 1 5 18 0
7 30 2 2 4 7 0
266 26 5 6 4 10 0
1154 0 5 8 4 8 0
276 26 5 6 4 10 0
1154 9 5 8 5 8 0
286 26 5 6 5 10 0
1154 18 5 8 4 8 0
1160 0 5 8 4 10 0
1160 9 5 8 4 8 0
1328 0 3 8 4 8 0
1280 11 3 10 4 8 0
1160 18 5 8 4 8 0
1166 0 5 8 4 8 0
296 26 5 6 5 10 0
507 26 5 6 4 10 0
516 26 5 6 5 10 0
1166 9 5 8 4 10 0
1166 18 5 8 5 10 0
282 26 4 6 5 10 0
525 26 5 6 4 10 0
1270 0 4 8 5 8 0
534 26 5 6 4 10 0
543 26 5 6 5 10 0
552 26 5 6 5 10 0
561 26 5 6 5 10 0
1172 0 5 8 5 10 0
996 26 5 6 4 10 0
1280 22 3 10 4 8 0
116 13 1 11 4 8 0
1284 0 3 10 5 8 0
0 30 6 2 4 12 0
315 13 1 8 5 10 0
1172 9 5 8 4 9 0
1172 18 5 8 5 8 0
1288 0 5 6 5 8 0
1178 0 5 8 5 8 0
176 14 1 10 4 8 0
1007 22 5 10 4 8 0
68 30 3 1 5 8 0
1037 16 7 7 4 8 0
114 27 3 4 5 8 0
1112 27 5 5 4 10 0
17 29 5 3 5 10 0
1037 24 7 7 4 8 0
54 30 7 1 5 5 0
171 29 3 3 5 8 0
1250 10 5 7 5 9 0
125 28 2 4 4 8 0
163 28 3 4 4 8 0
52 30 2 2 5 7 0
1178 9 5 8 4 10 0
910 11 6 10 4 8 0
72 30 1 2 5 11 0
62 30 2 2 4 16 0
192 28 3 4 4 8 0
153 28 4 4 5 8 0
1118 27 5 5 4 10 0
930 9 7 8 4 8 0
964 24 6 8 4 8 0
930 18 7 8 4 8 0
1270 9 4 8 5 10 0
924 12 5 11 5 5 0
938 0 5 11 5 5 0
938 12 5 11 5 5 0
944 0 5 11 5 5 0
1013 0 5 10 5 6 0
1045 9 5 9 5 7 0
950 0 7 8 4 8 0
1013 11 5 10 5 8 0
944 12 5 11 4 5 0
950 9 5 11 4 5 0
950 21 5 11 4 5 0
1013 22 5 10 4 6 0
1250 18 3 11 5 5 0
1255 0 3 11 5 5 0
1255 12 3 11 5 5 0
1284 11 3 10 5 6 0
970 24 6 8 4 8 0
958 0 5 11 4 5 0
958 12 5 11 5 5 0
964 0 5 11 5 5 0
964 12 5 11 5 5 0
970 0 5 11 5 5 0
1019 0 5 10 5 6 0
1124 27 5 5 4 9 0
1019 11 5 10 5 7 0
970 12 5 11 4 5 0
976 0 5 11 4 5 0
976 12 5 11 4 5 0
1019 22 5 10 4 6 0
982 0 5 11 5 5 0
1178 18 5 8 4 8 0
1184 0 5 8 5 8 0
1045 19 5 9 4 7 0
1052 0 5 9 4 7 0
1052 10 5 9 4 7 0
1052 20 5 9 4 7 0
1184 9 5 8 4 8 0
1058 0 5 9 4 7 0
216 26 7 6 4 10 0
1184 18 5 8 4 10 0
1058 10 5 9 5 7 0
1058 20 5 9 5 7 0
1064 0 5 9 5 7 0
1190 0 5 8 5 8 0
1318 21 3 9 4 7 0
1324 0 3 9 4 7 0
1250 0 4 9 4 7 0
1270 18 4 8 4 8 0
1064 10 5 9 5 7 0
1064 20 5 9 4 7 0
1070 0 5 9 5 7 0
1070 10 5 9 5 7 0
1070 20 5 9 5 7 0
1076 0 5 9 5 7 0
1190 9 5 8 5 8 0
1130 27 5 5 5 9 0
1190 18 5 8 5 9 0
1076 10 5 9 4 7 0
1076 20 5 9 4 7 0
1082 0 5 9 4 7 0
1196 0 5 8 4 8 0
982 12 5 11 5 7 0
1025 0 5 10 4 8 0
1025 11 5 10 5 8 0
1196 9 5 8 5 8 0
1196 18 5 8 4 8 0
1202 0 5 8 4 8 0
1275 0 4 8 5 8 0
886 22 7 10 4 8 0
1202 9 5 8 4 8 0
988 0 7 8 4 8 0
1202 18 5 8 5 8 0
1208 0 5 8 4 8 0
988 9 5 11 4 5 0
976 24 6 8 4 8 0
982 24 6 8 4 8 0
1208 9 5 8 4 8 0
1208 18 5 8 4 8 0
1214 0 5 8 5 8 0
1214 9 5 8 4 8 0
1214 18 5 8 4 8 0
1220 0 5 8 5 8 0
988 21 7 8 4 8 0
1220 9 5 8 5 8 0
1220 18 5 8 5 8 0
1226 0 5 8 5 8 0
910 22 6 10 4 8 0
1226 9 5 8 4 8 0
1226 18 5 8 5 8 0
917 0 6 10 5 8 0
1031 22 6 8 4 8 0
1232 0 5 8 5 8 0
1232 9 5 8 4 8 0
1232 18 5 8 5 8 0
1238 0 5 8 5 8 0
1238 9 5 8 5 8 0
1288 7 5 6 4 10 0
1238 18 5 8 5 8 0
1288 14 5 6 4 10 0
203 25 3 6 4 10 0
1259 0 5 7 5 10 0
1288 21 5 6 5 10 0
226 26 7 6 4 10 0
1294 0 5 6 4 10 0
1294 7 5 6 4 10 0
1082 10 5 9 4 7 0
1294 14 5 6 4 10 0
236 26 6 6 4 10 0
1294 21 5 6 5 10 0
1300 0 5 6 4 10 0
1300 7 5 6 5 10 0
1300 14 5 6 4 10 0
1244 0 5 8 4 10 0
1300 21 5 6 4 10 0
1306 0 5 6 4 10 0
1244 9 5 8 5 10 0
1025 22 5 10 5 8 0
1306 7 5 6 5 10 0
1259 8 5 7 5 10 0
1306 14 5 6 5 10 0
1306 21 5 6 5 10 0
1088 24 6 7 5 10 0
246 26 6 6 4 10 0
1312 0 5 6 5 10 0
292 26 4 6 5 10 0
1312 7 5 6 4 10 0
1312 14 5 6 5 10 0
1312 21 5 6 5 10 0
1031 0 5 10 5 5 0
1244 18 5 8 5 8 0
917 11 6 10 4 8 0
1324 10 3 9 4 7 0
1318 0 5 6 4 10 0
1318 7 5 6 4 10 0
1328 9 3 8 4 8 0
1275 9 4 8 4 8 0
1284 22 3 10 4 8 0
256 26 6 6 4 10 0
1318 14 5 6 5 10 0
1045 0 6 8 4 8 0
1082 20 5 9 4 7 0
1031 11 5 10 5 5 0
996 0 5 11 5 7 0
1259 16 5 7 5 10 0
